101;1;0000576;53;210109;10;10140007; 5,78 ;1,65;26,60;7,6
101;1;0001200;48;110108;10;10140101; 58,47 ;1,65;269,31;7,6
101;1;0001202;48;110108;10;10140101; 32,89 ;1,65;151,49;7,6
101;1;0001202;48;110108;20;10140101; 25,58 ;1,65;117,83;7,6
101;1;0001203;48;110108;10;10140101; 58,47 ;1,65;269,31;7,6
101;1;0001206;48;110101;10;10140101; 7,31 ;1,65;33,66;7,6
101;1;0001206;48;110101;20;10140101; 51,16 ;1,65;235,65;7,6
101;1;0001212;48;110101;10;10140101; 40,20 ;1,65;185,15;7,6
101;1;0001212;48;110101;20;10140101; 25,58 ;1,65;117,83;7,6
101;1;0001877;213;112401;10;25010217; 6,68 ;1,65;30,78;7,6
101;1;0001877;213;112401;20;25010475; 1,78 ;1,65;8,21;7,6
101;1;0001877;213;112401;30;25010379; 0,69 ;1,65;3,19;7,6
101;1;0001877;213;112401;40;20410023; 1,49 ;1,65;6,84;7,6
101;1;0001881;213;112401;10;25010379; 0,92 ;1,65;4,26;7,6
101;1;0001881;213;112401;20;25010217; 8,91 ;1,65;41,04;7,6
101;1;0001881;213;112401;30;25010475; 1,78 ;1,65;8,21;7,6
101;1;0001881;213;112401;40;25010058; 0,67 ;1,65;3,08;7,6
101;1;0001881;213;112401;50;25010205; 2,97 ;1,65;13,68;7,6
101;1;0001881;213;112401;60;25010425; 1,87 ;1,65;8,62;7,6
101;1;0001881;213;112401;70;25010379; 0,23 ;1,65;1,06;7,6
101;1;0003486;86;110101;10;10140090; 13,86 ;1,65;63,84;7,6
101;1;0003486;86;110101;20;10140091; 13,86 ;1,65;63,84;7,6
101;1;0003491;86;110101;10;10140091; 4,62 ;1,65;21,28;7,6
101;1;0003491;86;110101;20;10140091; 4,62 ;1,65;21,28;7,6
101;1;0003495;86;110101;10;10140090; 4,62 ;1,65;21,28;7,6
101;1;0003495;86;110101;20;10140090; 13,86 ;1,65;63,84;7,6
101;1;0003495;86;110101;30;10140091; 13,86 ;1,65;63,84;7,6
101;1;0003495;86;110101;40;10140091; 4,62 ;1,65;21,28;7,6
101;1;0003519;86;110101;10;10140093; 7,88 ;1,65;36,29;7,6
101;1;0003519;86;110101;20;10140090; 4,62 ;1,65;21,28;7,6
101;1;0003519;86;110101;30;10140090; 13,86 ;1,65;63,84;7,6
101;1;0003519;86;110101;40;10140091; 13,86 ;1,65;63,84;7,6
101;1;0003519;86;110101;50;10140091; 4,62 ;1,65;21,28;7,6
101;1;0003539;86;110101;10;10140090; 4,62 ;1,65;21,28;7,6
101;1;0003539;86;110101;20;10140090; 13,86 ;1,65;63,84;7,6
101;1;0003539;86;110101;30;10140091; 13,86 ;1,65;63,84;7,6
101;1;0003539;86;110101;40;10140091; 4,62 ;1,65;21,28;7,6
101;1;0003539;86;110101;50;10140093; 7,88 ;1,65;36,29;7,6
101;1;0003539;86;110101;60;10140092; 11,48 ;1,65;52,86;7,6
101;1;0003560;86;110101;10;10140092; 11,48 ;1,65;52,86;7,6
101;1;0003560;86;110101;20;10140093; 7,88 ;1,65;36,29;7,6
101;1;0003560;86;110101;30;10140090; 18,48 ;1,65;85,12;7,6
101;1;0003560;86;110101;40;10140091; 13,86 ;1,65;63,84;7,6
101;1;0003560;86;110101;50;10140091; 3,37 ;1,65;15,53;7,6
101;1;0003560;86;110101;60;10140057; 13,51 ;1,65;62,24;7,6
101;1;0003560;86;110101;70;10140058; 13,51 ;1,65;62,24;7,6
101;1;0003570;86;110101;10;10140093; 7,88 ;1,65;36,29;7,6
101;1;0003570;86;110101;20;10140090; 18,48 ;1,65;85,12;7,6
101;1;0003570;86;110101;30;10140091; 15,11 ;1,65;69,59;7,6
101;1;0003570;86;110101;40;10140091; 3,37 ;1,65;15,53;7,6
101;1;0003570;86;110101;50;10140092; 11,48 ;1,65;52,86;7,6
101;1;0003627;86;110101;10;10140090; 18,48 ;1,65;85,12;7,6
101;1;0003627;86;110101;20;10140091; 18,48 ;1,65;85,12;7,6
101;1;0003627;86;110101;30;10140092; 11,48 ;1,65;52,86;7,6
101;1;0003627;86;110101;40;10140093; 6,72 ;1,65;30,97;7,6
101;1;0003627;86;110101;50;10140081; 9,03 ;1,65;41,61;7,6
101;1;0003627;86;110101;60;10140081; 2,20 ;1,65;10,13;7,6
101;1;0003627;86;110101;70;10140082; 9,03 ;1,65;41,61;7,6
101;1;0003627;86;110101;80;10140082; 2,71 ;1,65;12,48;7,6
101;1;0003645;86;110101;10;10140090; 18,48 ;1,65;85,12;7,6
101;1;0003645;86;110101;20;10140091; 13,86 ;1,65;63,84;7,6
101;1;0003645;86;110101;30;10140092; 11,48 ;1,65;52,86;7,6
101;1;0003645;86;110101;40;10140092; 11,48 ;1,65;52,86;7,6
101;1;0003645;86;110101;50;10140092; 11,48 ;1,65;52,86;7,6
101;1;0003645;86;110101;60;10140092; 2,87 ;1,65;13,21;7,6
101;1;0003645;86;110101;70;10140093; 0,51 ;1,65;2,36;7,6
101;1;0003672;86;110101;10;10140093; 1,16 ;1,65;5,32;7,6
101;1;0003672;86;110101;20;10140093; 6,55 ;1,65;30,16;7,6
101;1;0003672;86;110101;30;10140090; 18,48 ;1,65;85,12;7,6
101;1;0003672;86;110101;40;10140090; 4,62 ;1,65;21,28;7,6
101;1;0003672;86;110101;50;10140091; 18,48 ;1,65;85,12;7,6
101;1;0003672;86;110101;60;10140092; 11,48 ;1,65;52,86;7,6
101;1;0003672;86;110101;70;10140057; 13,51 ;1,65;62,24;7,6
101;1;0003672;86;110101;80;10140058; 13,51 ;1,65;62,24;7,6
101;1;0003672;86;110101;90;10140082; 9,03 ;1,65;41,61;7,6
101;1;0003672;86;110101;100;10140091; 4,62 ;1,65;21,28;7,6
101;1;0003885;59;110102;10;10150001; 105,60 ;1,65;486,40;7,6
101;1;0003885;59;110102;20;10150001; 52,80 ;1,65;243,20;7,6
101;1;0003885;59;110102;30;10150002; 29,70 ;1,65;136,80;7,6
101;1;0003886;59;110202;10;10150001; 52,80 ;1,65;243,20;7,6
101;1;0003886;59;110202;20;10150002; 29,70 ;1,65;136,80;7,6
101;1;0005530;80;210114;10;15190003; 6,89 ;1,65;31,74;7,6
101;1;0005530;80;210114;20;15190007; 34,45 ;1,65;158,69;7,6
101;1;0006973;474;210121;10;10140036; 76,03 ;1,65;350,21;7,6
101;1;0007617;87;210102;10;10120002; 190,08 ;1,65;875,52;7,6
101;1;0007777;57;110125;10;55800001; 10,33 ;1,65;47,56;7,6
101;1;0007777;57;110125;20;55800002; 8,33 ;1,65;38,38;7,6
101;1;0007777;57;110125;30;55800010; 6,50 ;1,65;29,94;7,6
101;1;0007799;55;210202;10;45000005; 2,35 ;1,65;10,81;7,6
101;1;0007799;55;210202;20;45040038; 77,72 ;1,65;357,96;7,6
101;1;0007799;55;210202;30;45040037; 3,90 ;1,65;17,97;7,6
101;1;0007799;55;210202;40;45040044; 73,76 ;1,65;339,72;7,6
101;1;0007799;55;210202;50;45040052; 3,33 ;1,65;15,35;7,6
101;1;0007800;55;210102;10;45040038; 77,72 ;1,65;357,96;7,6
101;1;0007800;55;210102;20;45040038; 15,54 ;1,65;71,59;7,6
101;1;0007800;55;210102;30;45040044; 73,76 ;1,65;339,72;7,6
101;1;0007801;55;210202;10;45040027; 6,86 ;1,65;31,62;7,6
101;1;0007801;55;210202;20;45040037; 39,02 ;1,65;179,74;7,6
101;1;0007801;55;210202;30;45040044; 73,76 ;1,65;339,72;7,6
101;1;0007801;55;210202;40;45040038; 46,63 ;1,65;214,78;7,6
101;1;0007801;55;210202;50;45040038; 15,54 ;1,65;71,59;7,6
101;1;0007804;55;210202;10;45040038; 46,63 ;1,65;214,78;7,6
101;1;0007804;55;210202;20;45040038; 15,54 ;1,65;71,59;7,6
101;1;0007804;55;210202;30;45040027; 13,73 ;1,65;63,23;7,6
101;1;0007804;55;210202;40;45040037; 19,51 ;1,65;89,87;7,6
101;1;0007804;55;210202;50;45040044; 26,55 ;1,65;122,30;7,6
101;1;0007804;55;210202;60;45040044; 41,30 ;1,65;190,24;7,6
101;1;0007806;55;210202;10;45040038; 62,17 ;1,65;286,37;7,6
101;1;0007806;55;210202;20;45040038; 15,54 ;1,65;71,59;7,6
101;1;0007806;55;210202;30;45040027; 13,73 ;1,65;63,23;7,6
101;1;0007806;55;210202;40;45040027; 13,73 ;1,65;63,23;7,6
101;1;0007806;55;210202;50;45040037; 31,22 ;1,65;143,79;7,6
101;1;0007806;55;210202;60;45040044; 47,20 ;1,65;217,42;7,6
101;1;0007809;55;210202;10;45040037; 39,02 ;1,65;179,74;7,6
101;1;0007809;55;210202;20;45040037; 19,51 ;1,65;89,87;7,6
101;1;0007809;55;210202;30;45040044; 11,80 ;1,65;54,36;7,6
101;1;0007809;55;210202;40;45040044; 35,40 ;1,65;163,07;7,6
101;1;0007811;55;210202;10;45040038; 46,63 ;1,65;214,78;7,6
101;1;0007811;55;210202;20;45040038; 31,09 ;1,65;143,18;7,6
101;1;0007811;55;210202;30;45040027; 20,59 ;1,65;94,85;7,6
101;1;0007811;55;210202;40;45040027; 13,73 ;1,65;63,23;7,6
101;1;0007811;55;210202;50;45040037; 42,92 ;1,65;197,71;7,6
101;1;0007811;55;210202;60;45040037; 7,80 ;1,65;35,95;7,6
101;1;0007811;55;210202;70;45040044; 64,90 ;1,65;298,95;7,6
101;1;0007811;55;210202;80;45040044; 2,95 ;1,65;13,59;7,6
101;1;0007811;55;210202;90;45040024; 27,92 ;1,65;128,59;7,6
101;1;0007811;55;210202;100;45040052; 10,00 ;1,65;46,06;7,6
101;1;0007811;55;210202;110;45040009; 7,89 ;1,65;36,33;7,6
101;1;0007811;55;210202;120;45040009; 7,89 ;1,65;36,33;7,6
101;1;0007815;55;110102;10;45000005; 5,22 ;1,65;24,03;7,6
101;1;0007815;55;110102;20;45040038; 46,63 ;1,65;214,78;7,6
101;1;0007815;55;110102;30;45040038; 11,66 ;1,65;53,69;7,6
101;1;0007815;55;110102;40;45040027; 13,73 ;1,65;63,23;7,6
101;1;0007815;55;110102;50;45040037; 62,44 ;1,65;287,58;7,6
101;1;0007815;55;110102;60;45040037; 15,61 ;1,65;71,90;7,6
101;1;0007815;55;110102;70;45000002; 19,19 ;1,65;88,37;7,6
101;1;0007815;55;110102;80;45000002; 19,19 ;1,65;88,37;7,6
101;1;0007815;55;110102;90;45000002; 3,20 ;1,65;14,73;7,6
101;1;0007815;55;110102;100;45040044; 73,76 ;1,65;339,72;7,6
101;1;0007815;55;110102;110;45040052; 1,67 ;1,65;7,68;7,6
101;1;0007815;55;110102;120;45040052; 7,50 ;1,65;34,54;7,6
101;1;0007815;55;110102;130;45040052; 10,83 ;1,65;49,89;7,6
101;1;0007819;55;210102;10;45000005; 10,43 ;1,65;48,06;7,6
101;1;0007819;55;210102;20;45040037; 70,24 ;1,65;323,53;7,6
101;1;0007819;55;210102;30;45040044; 73,76 ;1,65;339,72;7,6
101;1;0007819;55;210102;40;45040024; 27,92 ;1,65;128,59;7,6
101;1;0007819;55;210102;50;45040030; 9,41 ;1,65;43,35;7,6
101;1;0007819;55;210102;60;45040009; 7,89 ;1,65;36,33;7,6
101;1;0007819;55;210102;70;45000005; 6,96 ;1,65;32,04;7,6
101;1;0007819;55;210102;80;45040037; 11,71 ;1,65;53,92;7,6
101;1;0007819;55;210102;90;45040024; 3,10 ;1,65;14,29;7,6
101;1;0007819;55;210102;100;45040030; 5,77 ;1,65;26,57;7,6
101;1;0007819;55;210102;110;45040009; 7,89 ;1,65;36,33;7,6
101;1;0007819;55;210102;120;45040009; 3,94 ;1,65;18,16;7,6
101;1;0007821;55;210102;10;45040038; 31,09 ;1,65;143,18;7,6
101;1;0007821;55;210102;20;45040037; 35,12 ;1,65;161,77;7,6
101;1;0007821;55;210102;30;45040037; 27,32 ;1,65;125,82;7,6
101;1;0007821;55;210102;40;45000002; 15,99 ;1,65;73,64;7,6
101;1;0007821;55;210102;50;45040044; 23,60 ;1,65;108,71;7,6
101;1;0007821;55;210102;60;45040044; 26,55 ;1,65;122,30;7,6
101;1;0007821;55;210102;70;45040044; 22,13 ;1,65;101,92;7,6
101;1;0007821;55;210102;80;45040024; 6,20 ;1,65;28,58;7,6
101;1;0007821;55;210102;90;45040024; 17,06 ;1,65;78,58;7,6
101;1;0007821;55;210102;100;45040052; 4,17 ;1,65;19,19;7,6
101;1;0007821;55;210102;110;45040052; 7,50 ;1,65;34,54;7,6
101;1;0007821;55;210102;120;45040052; 1,67 ;1,65;7,68;7,6
101;1;0007821;55;210102;130;45040030; 3,64 ;1,65;16,78;7,6
101;1;0007821;55;210102;140;45040030; 0,15 ;1,65;0,70;7,6
101;1;0007821;55;210102;150;45040044; 1,48 ;1,65;6,79;7,6
101;1;0007966;72;110101;10;10070038; 39,29 ;1,65;180,99;7,6
101;1;0007966;72;110101;20;10070015; 160,93 ;1,65;741,27;7,6
101;1;0007967;72;110101;10;10070034; 19,55 ;1,65;90,04;7,6
101;1;0007967;72;110101;20;10070032; 17,35 ;1,65;79,92;7,6
101;1;0007967;72;110101;30;10070017; 31,48 ;1,65;145,01;7,6
101;1;0007967;72;110101;40;10070031; 27,60 ;1,65;127,11;7,6
101;1;0007967;72;110101;50;10070025; 18,73 ;1,65;86,26;7,6
101;1;0007967;72;110101;60;10070020; 12,34 ;1,65;56,82;7,6
101;1;0007967;72;110101;70;10070035; 36,69 ;1,65;168,99;7,6
101;1;0007967;72;110101;80;10070005; 20,50 ;1,65;94,43;7,6
101;1;0007967;72;110101;90;10070029; 72,18 ;1,65;332,48;7,6
101;1;0007967;72;110101;100;10070019; 15,13 ;1,65;69,69;7,6
101;1;0007967;72;110101;110;10070027; 19,78 ;1,65;91,11;7,6
101;1;0007968;72;110101;10;10070033; 26,39 ;1,65;121,55;7,6
101;1;0007968;72;110101;20;10070018; 54,05 ;1,65;248,98;7,6
101;1;0007968;72;110101;30;10070036; 19,91 ;1,65;91,72;7,6
101;1;0007968;72;110101;40;10070044; 16,91 ;1,65;77,88;7,6
101;1;0007968;72;110101;50;10070011; 36,45 ;1,65;167,91;7,6
101;1;0007968;72;110101;60;10070030; 27,13 ;1,65;124,96;7,6
101;1;0007972;72;110101;10;10070038; 39,29 ;1,65;180,99;7,6
101;1;0007972;72;110101;20;10070015; 154,23 ;1,65;710,39;7,6
101;1;0007973;72;110101;10;10070029; 40,75 ;1,65;187,69;7,6
101;1;0007973;72;110101;20;10070019; 16,91 ;1,65;77,88;7,6
101;1;0007973;72;110101;30;10070018; 47,30 ;1,65;217,85;7,6
101;1;0007973;72;110101;40;10070017; 31,48 ;1,65;145,01;7,6
101;1;0007973;72;110101;50;10070031; 26,49 ;1,65;122,03;7,6
101;1;0007973;72;110101;60;10070042; 15,43 ;1,65;71,06;7,6
101;1;0007973;72;110101;70;10070021; 22,66 ;1,65;104,38;7,6
101;1;0007973;72;110101;80;10070003; 78,48 ;1,65;361,49;7,6
101;1;0007974;72;110101;10;10070004; 22,68 ;1,65;104,46;7,6
101;1;0007974;72;110101;20;10070026; 25,08 ;1,65;115,52;7,6
101;1;0007974;72;110101;30;10070013; 43,21 ;1,65;199,02;7,6
101;1;0007974;72;110101;40;10070037; 15,09 ;1,65;69,53;7,6
101;1;0007974;72;110101;50;10070022; 13,35 ;1,65;61,47;7,6
101;1;0007974;72;110101;60;10070036; 19,91 ;1,65;91,72;7,6
101;1;0007974;72;110101;70;10070028; 21,95 ;1,65;101,12;7,6
101;1;0007974;72;110101;80;10070029; 30,56 ;1,65;140,77;7,6
101;1;0007974;72;110101;90;10070040; 18,18 ;1,65;83,72;7,6
101;1;0007975;72;110101;10;10070029; 50,94 ;1,65;234,61;7,6
101;1;0007975;72;110101;20;10070003; 67,00 ;1,65;308,62;7,6
101;1;0007975;72;110101;30;10070025; 28,09 ;1,65;129,39;7,6
101;1;0007975;72;110101;40;10070042; 14,46 ;1,65;66,62;7,6
101;1;0007975;72;110101;50;10070038; 52,39 ;1,65;241,32;7,6
101;1;0007976;72;110101;10;10070019; 15,13 ;1,65;69,69;7,6
101;1;0007976;72;110101;20;10070029; 20,37 ;1,65;93,84;7,6
101;1;0007976;72;110101;30;10070031; 17,66 ;1,65;81,35;7,6
101;1;0007976;72;110101;40;10070015; 187,76 ;1,65;864,82;7,6
101;1;0007979;72;110101;10;10070040; 42,41 ;1,65;195,35;7,6
101;1;0007979;72;110101;20;10070044; 22,55 ;1,65;103,85;7,6
101;1;0007979;72;110101;30;10070027; 29,67 ;1,65;136,66;7,6
101;1;0007979;72;110101;40;10070019; 7,57 ;1,65;34,85;7,6
101;1;0007979;72;110101;50;10070031; 8,83 ;1,65;40,68;7,6
101;1;0007979;72;110101;60;10070020; 14,80 ;1,65;68,18;7,6
101;1;0007979;72;110101;70;10070011; 50,03 ;1,65;230,46;7,6
101;1;0007980;72;110101;10;10070017; 71,36 ;1,65;328,68;7,6
101;1;0007980;72;110101;20;10070018; 60,81 ;1,65;280,10;7,6
101;1;0007980;72;110101;30;10070037; 20,95 ;1,65;96,48;7,6
101;1;0007980;72;110101;40;10070033; 16,79 ;1,65;77,35;7,6
101;1;0007980;72;110101;50;10070005; 19,84 ;1,65;91,38;7,6
101;1;0007980;72;110101;60;10070030; 19,58 ;1,65;90,17;7,6
101;1;0007980;72;110101;70;10070021; 22,66 ;1,65;104,38;7,6
101;1;0007980;72;110101;80;10070004; 22,68 ;1,65;104,46;7,6
101;1;0007982;72;110101;10;10070013; 66,87 ;1,65;308,01;7,6
101;1;0007982;72;110101;20;10070035; 67,88 ;1,65;312,64;7,6
101;1;0007982;72;110101;30;10070036; 46,47 ;1,65;214,02;7,6
101;1;0007982;72;110101;40;10070034; 19,55 ;1,65;90,04;7,6
101;1;0007990;72;110101;10;10070003; 69,80 ;1,65;321,48;7,6
101;1;0007990;72;110101;20;10070019; 15,13 ;1,65;69,69;7,6
101;1;0007990;72;110101;30;10070011; 57,18 ;1,65;263,39;7,6
101;1;0007990;72;110101;40;10070044; 33,82 ;1,65;155,77;7,6
101;1;0007991;72;110101;10;10070015; 120,70 ;1,65;555,96;7,6
101;1;0007991;72;110101;20;10070015; 67,73 ;1,65;311,95;7,6
101;1;0007991;72;110101;30;10070031; 26,49 ;1,65;122,03;7,6
101;1;0007991;72;110101;40;10070027; 29,67 ;1,65;136,66;7,6
101;1;0007991;72;110101;50;10070020; 12,34 ;1,65;56,82;7,6
101;1;0007992;72;110101;10;10070040; 42,41 ;1,65;195,35;7,6
101;1;0007992;72;110101;20;10070013; 64,81 ;1,65;298,53;7,6
101;1;0007992;72;110101;30;10070033; 16,79 ;1,65;77,35;7,6
101;1;0007992;72;110101;40;10070005; 19,84 ;1,65;91,38;7,6
101;1;0007992;72;110101;50;10070037; 20,95 ;1,65;96,48;7,6
101;1;0007993;72;110101;10;10070030; 22,37 ;1,65;103,06;7,6
101;1;0007993;72;110101;20;10070034; 19,55 ;1,65;90,04;7,6
101;1;0007993;72;110101;30;10070017; 77,66 ;1,65;357,69;7,6
101;1;0007993;72;110101;40;10070018; 27,03 ;1,65;124,49;7,6
101;1;0007993;72;110101;50;10070036; 46,47 ;1,65;214,02;7,6
101;1;0007993;72;110101;60;10070038; 45,84 ;1,65;211,15;7,6
101;1;0007994;72;110101;10;10070040; 43,02 ;1,65;198,14;7,6
101;1;0007994;72;110101;20;10070015; 134,11 ;1,65;617,73;7,6
101;1;0007995;72;110101;10;10070003; 77,55 ;1,65;357,20;7,6
101;1;0007995;72;110101;20;10070015; 53,64 ;1,65;247,09;7,6
101;1;0007995;72;110101;30;10070027; 29,67 ;1,65;136,66;7,6
101;1;0007995;72;110101;40;10070038; 55,16 ;1,65;254,05;7,6
101;1;0007995;72;110101;50;10070035; 12,23 ;1,65;56,33;7,6
101;1;0007995;72;110101;60;10070019; 22,70 ;1,65;104,54;7,6
101;1;0007997;72;110101;10;10070017; 70,83 ;1,65;326,27;7,6
101;1;0007997;72;110101;20;10070005; 13,23 ;1,65;60,92;7,6
101;1;0007997;72;110101;30;10070036; 46,47 ;1,65;214,02;7,6
101;1;0007997;72;110101;40;10070044; 22,55 ;1,65;103,85;7,6
101;1;0007997;72;110101;50;10070004; 15,12 ;1,65;69,64;7,6
101;1;0008000;72;110101;10;10070021; 22,66 ;1,65;104,38;7,6
101;1;0008000;72;110101;20;10070037; 20,95 ;1,65;96,48;7,6
101;1;0008000;72;110101;30;10070042; 21,70 ;1,65;99,93;7,6
101;1;0008000;72;110101;40;10070022; 12,01 ;1,65;55,32;7,6
101;1;0008000;72;110101;50;10070020; 12,13 ;1,65;55,87;7,6
101;1;0008000;72;110101;60;10070035; 48,92 ;1,65;225,32;7,6
101;1;0008000;72;110101;70;10070018; 61,49 ;1,65;283,21;7,6
101;1;0008002;72;110101;10;10070038; 45,70 ;1,65;210,48;7,6
101;1;0008002;72;110101;20;10070036; 46,47 ;1,65;214,02;7,6
101;1;0008002;72;110101;30;10070003; 69,80 ;1,65;321,48;7,6
101;1;0008002;72;110101;40;10070027; 39,56 ;1,65;182,22;7,6
101;1;0008002;72;110101;50;10070042; 14,46 ;1,65;66,62;7,6
101;1;0008002;72;110101;60;10070011; 35,74 ;1,65;164,62;7,6
101;1;0008004;72;110101;10;10070015; 80,47 ;1,65;370,64;7,6
101;1;0008004;72;110101;20;10070004; 30,24 ;1,65;139,28;7,6
101;1;0008004;72;110101;30;10070030; 20,42 ;1,65;94,04;7,6
101;1;0008004;72;110101;40;10070030; 1,68 ;1,65;7,73;7,6
101;1;0008004;72;110101;50;10070034; 19,55 ;1,65;90,04;7,6
101;1;0008004;72;110101;60;10070037; 20,95 ;1,65;96,48;7,6
101;1;0008004;72;110101;70;10070026; 25,08 ;1,65;115,52;7,6
101;1;0008004;72;110101;80;10070026; 5,02 ;1,65;23,10;7,6
101;1;0008004;72;110101;90;10070029; 40,46 ;1,65;186,35;7,6
101;1;0008005;72;110101;10;10070015; 107,29 ;1,65;494,18;7,6
101;1;0008005;72;110101;20;10070017; 70,31 ;1,65;323,85;7,6
101;1;0008005;72;110101;30;10070044; 22,55 ;1,65;103,85;7,6
101;1;0008005;72;110101;40;10070031; 8,28 ;1,65;38,13;7,6
101;1;0008007;72;110101;10;10070021; 22,98 ;1,65;105,87;7,6
101;1;0008007;72;110101;20;10070031; 17,66 ;1,65;81,35;7,6
101;1;0008007;72;110101;30;10070029; 30,56 ;1,65;140,77;7,6
101;1;0008007;72;110101;40;10070019; 22,70 ;1,65;104,54;7,6
101;1;0008007;72;110101;50;10070012; 14,30 ;1,65;65,85;7,6
101;1;0008007;72;110101;60;10070033; 16,79 ;1,65;77,35;7,6
101;1;0008007;72;110101;70;10070035; 61,15 ;1,65;281,66;7,6
101;1;0008008;72;110101;10;10070015; 187,76 ;1,65;864,82;7,6
101;1;0008008;72;110101;20;10070031; 25,94 ;1,65;119,48;7,6
101;1;0008008;72;110101;30;10070031; 1,88 ;1,65;8,64;7,6
101;1;0008008;72;110101;40;10070029; 10,19 ;1,65;46,92;7,6
101;1;0008009;72;110101;10;10070005; 13,23 ;1,65;60,92;7,6
101;1;0008009;72;110101;20;10070018; 60,81 ;1,65;280,10;7,6
101;1;0008009;72;110101;30;10070013; 44,65 ;1,65;205,66;7,6
101;1;0008009;72;110101;40;10070013; 13,17 ;1,65;60,65;7,6
101;1;0008009;72;110101;50;10070040; 41,81 ;1,65;192,56;7,6
101;1;0008009;72;110101;60;10070040; 8,79 ;1,65;40,47;7,6
101;1;0008010;72;110101;10;10070038; 34,05 ;1,65;156,85;7,6
101;1;0008010;72;110101;20;10070037; 12,83 ;1,65;59,11;7,6
101;1;0008010;72;110101;30;10070037; 15,09 ;1,65;69,53;7,6
101;1;0008010;72;110101;40;10070004; 22,68 ;1,65;104,46;7,6
101;1;0008010;72;110101;50;10070036; 46,47 ;1,65;214,02;7,6
101;1;0008010;72;110101;60;10070036; 13,28 ;1,65;61,15;7,6
101;1;0008010;72;110101;70;10070027; 29,67 ;1,65;136,66;7,6
101;1;0008010;72;110101;80;10070025; 18,35 ;1,65;84,53;7,6
101;1;0008010;72;110101;90;10070026; 25,08 ;1,65;115,52;7,6
101;1;0008010;72;110101;100;10070030; 22,37 ;1,65;103,06;7,6
101;1;0008010;72;110101;110;10070022; 13,35 ;1,65;61,47;7,6
101;1;0008010;72;110101;120;10070033; 16,79 ;1,65;77,35;7,6
101;1;0008011;72;110101;10;10070030; 22,37 ;1,65;103,06;7,6
101;1;0008011;72;110101;20;10070034; 19,55 ;1,65;90,04;7,6
101;1;0008011;72;110101;30;10070038; 15,72 ;1,65;72,39;7,6
101;1;0008011;72;110101;40;10070038; 3,93 ;1,65;18,10;7,6
101;1;0008011;72;110101;50;10070017; 62,96 ;1,65;290,02;7,6
101;1;0008011;72;110101;60;10070019; 36,64 ;1,65;168,75;7,6
101;1;0008011;72;110101;70;10070029; 10,19 ;1,65;46,92;7,6
101;1;0008011;72;110101;80;10070042; 35,20 ;1,65;162,11;7,6
101;1;0008011;72;110101;90;10070042; 2,17 ;1,65;9,99;7,6
101;1;0008011;72;110101;100;10070035; 73,38 ;1,65;337,99;7,6
101;1;0008011;72;110101;110;10070020; 10,07 ;1,65;46,40;7,6
101;1;0008011;72;110101;120;10070020; 2,26 ;1,65;10,42;7,6
101;1;0008011;72;110101;130;10070021; 22,66 ;1,65;104,38;7,6
101;1;0008011;72;110101;140;10070005; 5,95 ;1,65;27,41;7,6
101;1;0008011;72;110101;150;10070005; 0,66 ;1,65;3,05;7,6
101;1;0008018;72;110101;10;10070030; 33,56 ;1,65;154,58;7,6
101;1;0008018;72;110101;20;10070004; 30,24 ;1,65;139,28;7,6
101;1;0008018;72;110101;30;10070021; 22,34 ;1,65;102,89;7,6
101;1;0008018;72;110101;40;10070021; 0,32 ;1,65;1,49;7,6
101;1;0008018;72;110101;50;10070005; 13,39 ;1,65;61,68;7,6
101;1;0008018;72;110101;60;10070035; 42,19 ;1,65;194,34;7,6
101;1;0008018;72;110101;70;10070035; 6,73 ;1,65;30,98;7,6
101;1;0008018;72;110101;80;10070036; 17,03 ;1,65;78,46;7,6
101;1;0008018;72;110101;90;10070017; 62,96 ;1,65;290,02;7,6
101;1;0008018;72;110101;100;10070013; 57,61 ;1,65;265,36;7,6
101;1;0008020;72;110101;10;10070022; 1,33 ;1,65;6,15;7,6
101;1;0008020;72;110101;20;10070022; 18,68 ;1,65;86,06;7,6
101;1;0008020;72;110101;30;10070017; 1,05 ;1,65;4,83;7,6
101;1;0008020;72;110101;40;10070017; 14,69 ;1,65;67,67;7,6
101;1;0008020;72;110101;50;10070018; 33,11 ;1,65;152,50;7,6
101;1;0008020;72;110101;60;10070018; 27,70 ;1,65;127,60;7,6
101;1;0008020;72;110101;70;10070027; 29,67 ;1,65;136,66;7,6
101;1;0008020;72;110101;80;10070025; 18,73 ;1,65;86,26;7,6
101;1;0008020;72;110101;90;10070026; 25,08 ;1,65;115,52;7,6
101;1;0008020;72;110101;100;10070029; 50,94 ;1,65;234,61;7,6
101;1;0008020;72;110101;110;10070031; 26,49 ;1,65;122,03;7,6
101;1;0008021;72;110101;10;10070019; 45,72 ;1,65;210,57;7,6
101;1;0008021;72;110101;20;10070037; 27,93 ;1,65;128,64;7,6
101;1;0008021;72;110101;30;10070011; 57,18 ;1,65;263,39;7,6
101;1;0008021;72;110101;40;10070040; 48,47 ;1,65;223,26;7,6
101;1;0008021;72;110101;50;10070003; 61,73 ;1,65;284,33;7,6
101;1;0008022;72;110101;10;10070015; 120,70 ;1,65;555,96;7,6
101;1;0008022;72;110101;20;10070038; 52,39 ;1,65;241,32;7,6
101;1;0008022;72;110101;30;10070036; 19,91 ;1,65;91,72;7,6
101;1;0008024;72;110101;10;10070040; 48,47 ;1,65;223,26;7,6
101;1;0008024;72;110101;20;10070019; 45,39 ;1,65;209,08;7,6
101;1;0008024;72;110101;30;10070026; 25,08 ;1,65;115,52;7,6
101;1;0008024;72;110101;40;10070038; 32,74 ;1,65;150,82;7,6
101;1;0008024;72;110101;50;10070036; 33,19 ;1,65;152,87;7,6
101;1;0008024;72;110101;60;10070011; 57,18 ;1,65;263,39;7,6
101;1;0008032;72;110101;10;10070004; 7,56 ;1,65;34,82;7,6
101;1;0008032;72;110101;20;10070030; 33,56 ;1,65;154,58;7,6
101;1;0008032;72;110101;30;10070029; 40,75 ;1,65;187,69;7,6
101;1;0008032;72;110101;40;10070034; 19,55 ;1,65;90,04;7,6
101;1;0008032;72;110101;50;10070037; 27,93 ;1,65;128,64;7,6
101;1;0008032;72;110101;60;10070044; 22,55 ;1,65;103,85;7,6
101;1;0008032;72;110101;70;10070038; 13,10 ;1,65;60,33;7,6
101;1;0008032;72;110101;80;10070003; 2,17 ;1,65;10,00;7,6
101;1;0008032;72;110101;90;10070003; 59,87 ;1,65;275,76;7,6
101;1;0008189;95;112401;10;25000002; 5,84 ;1,65;26,92;7,6
101;1;0008189;95;112401;20;25000009; 2,56 ;1,65;11,78;7,6
101;1;0008190;95;110101;10;10060004; 8,49 ;1,65;39,08;7,6
101;1;0008192;95;112401;10;25000009; 0,85 ;1,65;3,93;7,6
101;1;0008193;95;112401;10;25000002; 7,31 ;1,65;33,65;7,6
101;1;0008193;95;112401;20;25000009; 0,85 ;1,65;3,93;7,6
101;1;0008194;95;110101;10;10060004; 8,17 ;1,65;37,62;7,6
101;1;0008194;95;110101;20;10060007; 4,54 ;1,65;20,90;7,6
101;1;0008194;95;110101;30;10060005; 3,63 ;1,65;16,72;7,6
101;1;0008195;95;112401;10;25000002; 1,46 ;1,65;6,73;7,6
101;1;0008196;95;110101;10;10060005; 3,63 ;1,65;16,72;7,6
101;1;0008196;95;110101;20;10060003; 4,54 ;1,65;20,90;7,6
101;1;0008198;95;112401;10;25000002; 5,11 ;1,65;23,56;7,6
101;1;0008198;95;112401;20;25000009; 9,38 ;1,65;43,19;7,6
101;1;0008200;95;112401;10;25000002; 5,84 ;1,65;26,92;7,6
101;1;0008200;95;112401;20;25000009; 9,38 ;1,65;43,19;7,6
101;1;0008200;95;112401;30;25050014; 0,65 ;1,65;3,00;7,6
101;1;0008204;95;112401;10;25000009; 8,52 ;1,65;39,26;7,6
101;1;0008204;95;112401;20;25000002; 5,84 ;1,65;26,92;7,6
101;1;0008206;95;110101;10;10060004; 9,08 ;1,65;41,80;7,6
101;1;0008207;95;112401;10;25000009; 6,82 ;1,65;31,41;7,6
101;1;0008209;95;112401;10;25000002; 5,11 ;1,65;23,56;7,6
101;1;0008209;95;112401;20;25000009; 1,70 ;1,65;7,85;7,6
101;1;0008209;95;112401;30;25000011; 0,61 ;1,65;2,80;7,6
101;1;0008211;95;112401;10;25000002; 13,15 ;1,65;60,58;7,6
101;1;0008211;95;112401;20;25000009; 0,85 ;1,65;3,93;7,6
101;1;0008211;95;112401;30;25050014; 0,38 ;1,65;1,74;7,6
101;1;0008213;95;112401;10;25000002; 4,38 ;1,65;20,19;7,6
101;1;0008213;95;112401;20;25000009; 2,56 ;1,65;11,78;7,6
101;1;0008219;95;112401;10;25000002; 8,77 ;1,65;40,38;7,6
101;1;0008219;95;112401;20;25000009; 4,26 ;1,65;19,63;7,6
101;1;0008221;95;110101;10;10060004; 9,08 ;1,65;41,80;7,6
101;1;0008222;95;112401;10;25000002; 5,11 ;1,65;23,56;7,6
101;1;0008222;95;112401;20;25000009; 3,11 ;1,65;14,33;7,6
101;1;0008226;95;112401;10;25000002; 2,92 ;1,65;13,46;7,6
101;1;0008234;95;112401;10;25000009; 1,70 ;1,65;7,85;7,6
101;1;0008236;95;112401;10;25000002; 0,73 ;1,65;3,37;7,6
101;1;0008236;95;112401;20;25000009; 6,82 ;1,65;31,41;7,6
101;1;0008236;95;112401;30;25000011; 0,96 ;1,65;4,42;7,6
101;1;0008238;95;110101;10;10060007; 4,07 ;1,65;18,73;7,6
101;1;0008240;95;112401;10;25000002; 2,19 ;1,65;10,10;7,6
101;1;0008240;95;112401;20;25000009; 1,70 ;1,65;7,85;7,6
101;1;0008242;95;112401;10;25000002; 8,77 ;1,65;40,38;7,6
101;1;0008242;95;112401;20;25000009; 5,11 ;1,65;23,56;7,6
101;1;0008244;95;112401;10;25000002; 0,73 ;1,65;3,37;7,6
101;1;0008244;95;112401;20;25000009; 12,79 ;1,65;58,89;7,6
101;1;0008246;95;110101;10;10060004; 12,78 ;1,65;58,85;7,6
101;1;0008246;95;110101;20;10060002; 3,05 ;1,65;14,04;7,6
101;1;0008246;95;110101;30;10060003; 1,02 ;1,65;4,68;7,6
101;1;0008252;95;112401;10;25000002; 1,46 ;1,65;6,73;7,6
101;1;0008252;95;112401;20;25000009; 2,56 ;1,65;11,78;7,6
101;1;0008254;95;112401;10;25000002; 8,04 ;1,65;37,02;7,6
101;1;0008254;95;112401;20;25000009; 4,26 ;1,65;19,63;7,6
101;1;0008254;95;112401;30;25050015; 0,65 ;1,65;3,00;7,6
101;1;0008256;95;110101;10;10060004; 18,64 ;1,65;85,86;7,6
101;1;0008258;95;112401;10;25000002; 1,46 ;1,65;6,73;7,6
101;1;0008258;95;112401;20;25000009; 11,08 ;1,65;51,04;7,6
101;1;0008258;95;112401;30;25050107; 1,30 ;1,65;6,00;7,6
101;1;0008261;95;112401;10;25000002; 2,68 ;1,65;12,34;7,6
101;1;0008261;95;112401;20;25000009; 5,97 ;1,65;27,48;7,6
101;1;0008263;95;110101;10;10060004; 2,90 ;1,65;13,38;7,6
101;1;0008263;95;110101;20;10060005; 7,35 ;1,65;33,86;7,6
101;1;0008263;95;110101;30;10060002; 2,72 ;1,65;12,54;7,6
101;1;0008265;95;112401;10;25000002; 8,77 ;1,65;40,38;7,6
101;1;0008265;95;112401;20;25000009; 4,26 ;1,65;19,63;7,6
101;1;0008267;95;112401;10;25000002; 2,62 ;1,65;12,09;7,6
101;1;0008267;95;112401;20;25000009; 7,67 ;1,65;35,34;7,6
101;1;0008267;95;112401;30;25050013; 1,14 ;1,65;5,26;7,6
101;1;0008956;54;210102;10;10150030; 132,56 ;1,65;610,58;7,6
101;1;0008956;54;210102;20;10150019; 50,18 ;1,65;231,11;7,6
101;1;0008958;54;210101;10;10150019; 142,16 ;1,65;654,81;7,6
101;1;0008958;54;210101;20;10150019; 41,81 ;1,65;192,59;7,6
101;1;0008958;54;210101;30;10150030; 132,56 ;1,65;610,58;7,6
101;1;0008965;54;210102;10;10150030; 132,56 ;1,65;610,58;7,6
101;1;0008965;54;210102;20;10150019; 50,18 ;1,65;231,11;7,6
101;1;0008965;54;210102;30;10150019; 91,99 ;1,65;423,70;7,6
101;1;0008978;54;210102;10;10150030; 132,56 ;1,65;610,58;7,6
101;1;0008978;54;210102;20;10150019; 50,18 ;1,65;231,11;7,6
101;1;0008978;54;210102;30;10150019; 125,44 ;1,65;577,77;7,6
101;1;0008991;54;210102;10;10150019; 16,73 ;1,65;77,04;7,6
101;1;0008991;54;210102;20;10150019; 142,16 ;1,65;654,81;7,6
101;1;0008991;54;210102;30;10150030; 122,36 ;1,65;563,62;7,6
101;1;0009001;54;210102;10;10150019; 142,16 ;1,65;654,81;7,6
101;1;0009001;54;210102;20;10150019; 25,09 ;1,65;115,55;7,6
101;1;0009001;54;210102;30;10150030; 10,20 ;1,65;46,97;7,6
101;1;0009001;54;210102;40;10150030; 132,56 ;1,65;610,58;7,6
101;1;0009006;54;210101;10;10150019; 58,54 ;1,65;269,63;7,6
101;1;0009006;54;210101;20;10150030; 132,56 ;1,65;610,58;7,6
101;1;0009006;54;210101;30;10150030; 81,58 ;1,65;375,74;7,6
101;1;0012408;52;110101;10;45040031; 63,62 ;1,65;293,03;7,6
101;1;0012430;52;110101;10;45040031; 63,62 ;1,65;293,03;7,6
101;1;0012449;52;110101;10;45040031; 63,62 ;1,65;293,03;7,6
101;1;0012465;52;110101;10;45040031; 63,62 ;1,65;293,03;7,6
101;1;0013598;104;210102;10;45010006; 60,59 ;1,65;279,07;7,6
101;1;0013598;104;210102;20;45010003; 60,59 ;1,65;279,07;7,6
101;1;0013598;104;210102;30;45010002; 75,74 ;1,65;348,84;7,6
101;1;0013598;104;210102;40;45010011; 85,83 ;1,65;395,35;7,6
101;1;0013598;104;210102;50;45010004; 85,83 ;1,65;395,35;7,6
101;1;0016582;90;210102;10;10060001; 57,09 ;1,65;262,96;7,6
101;1;0016607;90;210102;10;10060001; 57,09 ;1,65;262,96;7,6
101;1;0020007;66;210102;10;10150026; 56,69 ;1,65;261,12;7,6
101;1;0020007;66;210102;20;10150023; 142,55 ;1,65;656,59;7,6
101;1;0020007;66;210102;30;10150023; 31,50 ;1,65;145,11;7,6
101;1;0020025;66;210102;10;10150026; 37,01 ;1,65;170,48;7,6
101;1;0020025;66;210102;20;10150026; 37,72 ;1,65;173,72;7,6
101;1;0020025;66;210102;30;10150024; 134,40 ;1,65;619,07;7,6
101;1;0020025;66;210102;40;10150024; 142,58 ;1,65;656,74;7,6
101;1;0020026;66;210102;10;10150004; 38,28 ;1,65;176,32;7,6
101;1;0020027;66;210102;10;10150026; 55,99 ;1,65;257,88;7,6
101;1;0020027;66;210102;20;10150026; 31,66 ;1,65;145,82;7,6
101;1;0020027;66;210102;30;10150021; 119,10 ;1,65;548,57;7,6
101;1;0020027;66;210102;40;10150021; 8,46 ;1,65;38,95;7,6
101;1;0020054;66;210102;10;10150024; 81,43 ;1,65;375,06;7,6
101;1;0020054;66;210102;20;10150024; 52,98 ;1,65;244,02;7,6
101;1;0020054;66;210102;30;10150041; 27,23 ;1,65;125,40;7,6
101;1;0020054;66;210102;40;10150041; 27,23 ;1,65;125,40;7,6
101;1;0020054;66;210102;50;10150004; 19,14 ;1,65;88,16;7,6
101;1;0020054;66;210102;60;10150004; 28,71 ;1,65;132,24;7,6
101;1;0020055;66;110101;10;10150026; 62,04 ;1,65;285,78;7,6
101;1;0020055;66;110101;20;10150026; 55,12 ;1,65;253,87;7,6
101;1;0020055;66;110101;30;10150041; 19,14 ;1,65;88,16;7,6
101;1;0020119;66;210102;10;10150026; 105,52 ;1,65;486,01;7,6
101;1;0020119;66;210102;20;10150026; 58,80 ;1,65;270,83;7,6
101;1;0020119;66;210102;30;10150004; 9,57 ;1,65;44,08;7,6
101;1;0020119;66;210102;40;10150004; 19,14 ;1,65;88,16;7,6
101;1;0020119;66;210102;50;10150004; 28,71 ;1,65;132,24;7,6
101;1;0020120;66;210102;10;10150004; 9,57 ;1,65;44,08;7,6
101;1;0029579;64;210102;10;10180005; 25,88 ;1,65;119,19;7,6
101;1;0029579;64;210102;20;10180006; 20,95 ;1,65;96,47;7,6
101;1;0034308;69;112401;10;20420019; 5,80 ;1,65;26,72;7,6
101;1;0034308;69;112401;20;20420018; 46,61 ;1,65;214,70;7,6
101;1;0034319;69;112401;10;20420021; 21,48 ;1,65;98,95;7,6
101;1;0034319;69;112401;20;20420019; 21,48 ;1,65;98,95;7,6
101;1;0034319;69;112401;30;20420021; 21,48 ;1,65;98,95;7,6
101;1;0034319;69;112401;40;20420021; 2,15 ;1,65;9,90;7,6
101;1;0034319;69;112401;50;20420019; 6,16 ;1,65;28,37;7,6
101;1;0036730;71;112401;10;20420012; 5,77 ;1,65;26,60;7,6
101;1;0036730;71;112401;20;20420010; 5,91 ;1,65;27,20;7,6
101;1;0036740;71;110101;10;10140049; 13,95 ;1,65;64,25;7,6
101;1;0036740;71;110101;20;10140048; 13,95 ;1,65;64,25;7,6
101;1;0036742;71;112401;10;20420015; 6,17 ;1,65;28,43;7,6
101;1;0036742;71;112401;20;20420008; 5,50 ;1,65;25,32;7,6
101;1;0036749;71;112401;10;20420015; 8,51 ;1,65;39,22;7,6
101;1;0036749;71;112401;20;20420008; 7,85 ;1,65;36,18;7,6
101;1;0036752;71;112401;10;20420012; 7,52 ;1,65;34,66;7,6
101;1;0036755;71;112401;10;20420015; 17,03 ;1,65;78,43;7,6
101;1;0036755;71;112401;20;20420008; 15,71 ;1,65;72,35;7,6
101;1;0036770;71;112401;10;20420015; 17,03 ;1,65;78,43;7,6
101;1;0036770;71;112401;20;20420008; 15,71 ;1,65;72,35;7,6
101;1;0036773;71;110101;10;10140076; 5,08 ;1,65;23,41;7,6
101;1;0036774;71;112401;10;20420012; 16,93 ;1,65;77,98;7,6
101;1;0036774;71;112401;20;20420010; 15,05 ;1,65;69,31;7,6
101;1;0036779;71;112401;10;20420015; 17,03 ;1,65;78,43;7,6
101;1;0036779;71;112401;20;20420008; 15,71 ;1,65;72,35;7,6
101;1;0036782;71;112401;10;20420009; 17,78 ;1,65;81,87;7,6
101;1;0036782;71;112401;20;20420010; 15,05 ;1,65;69,31;7,6
101;1;0036782;71;112401;30;20420011; 13,17 ;1,65;60,65;7,6
101;1;0036785;71;112401;10;20420009; 1,88 ;1,65;8,66;7,6
101;1;0036785;71;112401;20;20420012; 16,93 ;1,65;77,98;7,6
101;1;0036788;71;112401;10;20420015; 17,03 ;1,65;78,43;7,6
101;1;0036788;71;112401;20;20420008; 15,71 ;1,65;72,35;7,6
101;1;0036794;71;110101;10;10140052; 6,14 ;1,65;28,27;7,6
101;1;0036794;71;110101;20;10140053; 6,14 ;1,65;28,27;7,6
101;1;0036795;71;110101;10;10140047; 3,47 ;1,65;15,96;7,6
101;1;0036795;71;110101;20;10140048; 7,48 ;1,65;34,44;7,6
101;1;0036795;71;110101;30;10140049; 8,37 ;1,65;38,55;7,6
101;1;0036796;71;112401;10;20420012; 13,52 ;1,65;62,29;7,6
101;1;0036796;71;112401;20;20420010; 15,05 ;1,65;69,31;7,6
101;1;0036796;71;112401;30;20420011; 7,52 ;1,65;34,66;7,6
101;1;0036803;71;112401;10;20420015; 17,03 ;1,65;78,43;7,6
101;1;0036803;71;112401;20;20420008; 15,71 ;1,65;72,35;7,6
101;1;0036806;71;112401;10;20420010; 30,10 ;1,65;138,62;7,6
101;1;0036806;71;112401;20;20420011; 26,33 ;1,65;121,30;7,6
101;1;0036809;71;110101;10;10140047; 3,47 ;1,65;15,96;7,6
101;1;0036809;71;110101;20;10140048; 2,79 ;1,65;12,85;7,6
101;1;0036809;71;110101;30;10140049; 2,79 ;1,65;12,85;7,6
101;1;0036809;71;110101;40;10140046; 7,12 ;1,65;32,82;7,6
101;1;0036818;71;112401;10;20420015; 17,03 ;1,65;78,43;7,6
101;1;0036818;71;112401;20;20420008; 15,71 ;1,65;72,35;7,6
101;1;0036834;71;110101;10;10140047; 3,47 ;1,65;15,96;7,6
101;1;0036834;71;110101;20;10140046; 7,85 ;1,65;36,18;7,6
101;1;0036834;71;110101;30;10140048; 8,37 ;1,65;38,55;7,6
101;1;0036834;71;110101;40;10140049; 11,16 ;1,65;51,40;7,6
101;1;0036840;71;112401;10;20420012; 16,93 ;1,65;77,98;7,6
101;1;0036840;71;112401;20;20420010; 15,05 ;1,65;69,31;7,6
101;1;0036843;71;112401;10;20420015; 17,03 ;1,65;78,43;7,6
101;1;0036843;71;112401;20;20420008; 15,71 ;1,65;72,35;7,6
101;1;0036846;71;110101;10;10140047; 3,47 ;1,65;15,96;7,6
101;1;0036846;71;110101;20;10140048; 2,79 ;1,65;12,85;7,6
101;1;0036846;71;110101;30;10140049; 2,79 ;1,65;12,85;7,6
101;1;0036846;71;110101;40;10140046; 15,71 ;1,65;72,35;7,6
101;1;0036847;71;112401;10;20420015; 17,03 ;1,65;78,43;7,6
101;1;0036847;71;112401;20;20420008; 15,71 ;1,65;72,35;7,6
101;1;0036850;71;112401;10;20420012; 16,93 ;1,65;77,98;7,6
101;1;0036850;71;112401;20;20420011; 13,17 ;1,65;60,65;7,6
101;1;0036854;71;110101;10;10140077; 0,72 ;1,65;3,30;7,6
101;1;0036854;71;110101;20;10140076; 2,90 ;1,65;13,38;7,6
101;1;0036854;71;110101;30;10140076; 0,44 ;1,65;2,01;7,6
101;1;0036862;71;110101;10;10140048; 11,16 ;1,65;51,40;7,6
101;1;0036862;71;110101;20;10140049; 11,16 ;1,65;51,40;7,6
101;1;0036864;71;112401;10;20420015; 17,03 ;1,65;78,43;7,6
101;1;0036864;71;112401;20;20420008; 15,71 ;1,65;72,35;7,6
101;1;0036878;71;112401;10;20420008; 15,71 ;1,65;72,35;7,6
101;1;0036878;71;112401;20;20420015; 17,03 ;1,65;78,43;7,6
101;1;0036883;71;110101;10;10140047; 2,89 ;1,65;13,30;7,6
101;1;0036883;71;110101;20;10140046; 7,85 ;1,65;36,18;7,6
101;1;0036883;71;110101;30;10140048; 11,16 ;1,65;51,40;7,6
101;1;0036883;71;110101;40;10140049; 16,74 ;1,65;77,11;7,6
101;1;0036888;71;112401;10;20420012; 14,11 ;1,65;64,98;7,6
101;1;0036888;71;112401;20;20420010; 15,05 ;1,65;69,31;7,6
101;1;0036899;71;112401;10;20420015; 17,03 ;1,65;78,43;7,6
101;1;0036899;71;112401;20;20420008; 15,71 ;1,65;72,35;7,6
101;1;0036905;71;110101;10;10140046; 15,71 ;1,65;72,35;7,6
101;1;0036905;71;110101;20;10140048; 11,16 ;1,65;51,40;7,6
101;1;0036905;71;110101;30;10140049; 2,79 ;1,65;12,85;7,6
101;1;0036919;71;112401;10;20420012; 16,93 ;1,65;77,98;7,6
101;1;0036919;71;112401;20;20420010; 30,10 ;1,65;138,62;7,6
101;1;0036919;71;112401;30;20420011; 10,31 ;1,65;47,48;7,6
101;1;0036928;71;110101;10;10140046; 7,16 ;1,65;32,97;7,6
101;1;0036928;71;110101;20;10140048; 16,74 ;1,65;77,11;7,6
101;1;0036928;71;110101;30;10140049; 16,74 ;1,65;77,11;7,6
101;1;0036937;71;110101;10;10140047; 3,47 ;1,65;15,96;7,6
101;1;0036937;71;110101;20;10140048; 5,58 ;1,65;25,70;7,6
101;1;0036937;71;110101;30;10140049; 5,58 ;1,65;25,70;7,6
101;1;0036963;71;112401;10;20420012; 33,86 ;1,65;155,95;7,6
101;1;0036963;71;112401;20;20420010; 30,10 ;1,65;138,62;7,6
101;1;0036973;71;112401;10;20420012; 16,93 ;1,65;77,98;7,6
101;1;0036973;71;112401;20;20420010; 15,05 ;1,65;69,31;7,6
101;1;0036977;71;110101;10;10140077; 1,02 ;1,65;4,71;7,6
101;1;0036977;71;110101;20;10140076; 2,90 ;1,65;13,38;7,6
101;1;0036981;71;110101;10;10140047; 6,93 ;1,65;31,92;7,6
101;1;0036981;71;110101;20;10140046; 11,22 ;1,65;51,68;7,6
101;1;0036981;71;110101;30;10140046; 4,49 ;1,65;20,67;7,6
101;1;0036981;71;110101;40;10140048; 13,95 ;1,65;64,25;7,6
101;1;0036981;71;110101;50;10140049; 16,74 ;1,65;77,11;7,6
101;1;0036982;71;112401;10;20420012; 16,93 ;1,65;77,98;7,6
101;1;0036982;71;112401;20;20420010; 15,05 ;1,65;69,31;7,6
101;1;0036985;71;110101;10;10140047; 1,16 ;1,65;5,32;7,6
101;1;0036985;71;110101;20;10140047; 1,62 ;1,65;7,45;7,6
101;1;0036985;71;110101;30;10140047; 1,16 ;1,65;5,32;7,6
101;1;0036985;71;110101;40;10140047; 0,58 ;1,65;2,66;7,6
101;1;0036985;71;110101;50;10140046; 3,37 ;1,65;15,50;7,6
101;1;0036985;71;110101;60;10140046; 10,10 ;1,65;46,51;7,6
101;1;0036985;71;110101;70;10140047; 2,43 ;1,65;11,17;7,6
101;1;0036985;71;110101;80;10140046; 2,24 ;1,65;10,34;7,6
101;1;0036993;71;110101;10;10140077; 1,02 ;1,65;4,71;7,6
101;1;0036993;71;110101;20;10140076; 2,90 ;1,65;13,38;7,6
101;1;0036997;71;112401;10;20420012; 16,93 ;1,65;77,98;7,6
101;1;0036997;71;112401;20;20420010; 15,05 ;1,65;69,31;7,6
101;1;0037001;71;110101;10;10140049; 16,74 ;1,65;77,11;7,6
101;1;0037002;71;112401;10;20420012; 16,93 ;1,65;77,98;7,6
101;1;0037002;71;112401;20;20420010; 15,05 ;1,65;69,31;7,6
101;1;0037006;71;110101;10;10140047; 3,47 ;1,65;15,96;7,6
101;1;0037006;71;110101;20;10140046; 11,22 ;1,65;51,68;7,6
101;1;0037006;71;110101;30;10140046; 0,56 ;1,65;2,58;7,6
101;1;0037007;71;112401;10;20420015; 34,06 ;1,65;156,86;7,6
101;1;0037007;71;112401;20;20420008; 27,29 ;1,65;125,71;7,6
101;1;0037013;71;110101;10;10140077; 1,02 ;1,65;4,71;7,6
101;1;0037013;71;110101;20;10140076; 2,90 ;1,65;13,38;7,6
101;1;0037015;71;112401;10;20420008; 15,71 ;1,65;72,35;7,6
101;1;0037026;71;110101;10;10140048; 5,58 ;1,65;25,70;7,6
101;1;0037026;71;110101;20;10140049; 16,74 ;1,65;77,11;7,6
101;1;0037030;71;112401;10;20420010; 15,05 ;1,65;69,31;7,6
101;1;0037030;71;112401;20;20420011; 13,17 ;1,65;60,65;7,6
101;1;0037033;71;112401;10;20420015; 17,03 ;1,65;78,43;7,6
101;1;0037033;71;112401;20;20420008; 15,71 ;1,65;72,35;7,6
101;1;0037036;71;110101;10;10140047; 3,47 ;1,65;15,96;7,6
101;1;0037036;71;110101;20;10140046; 7,85 ;1,65;36,18;7,6
101;1;0037036;71;110101;30;10140048; 2,79 ;1,65;12,85;7,6
101;1;0037036;71;110101;40;10140049; 2,79 ;1,65;12,85;7,6
101;1;0077310;251;210125;10;40880368; 6,25 ;1,65;28,81;7,6
101;1;0101676;62;210102;10;10040013; 83,41 ;1,65;384,18;7,6
101;1;0101676;62;210102;20;10040013; 103,57 ;1,65;477,06;7,6
101;1;0101676;62;210102;30;10040006; 13,19 ;1,65;60,78;7,6
101;1;0101676;62;210102;40;10040006; 82,67 ;1,65;380,78;7,6
101;1;0101676;62;210102;50;10040015; 144,13 ;1,65;663,86;7,6
101;1;0101676;62;210102;60;10180001; 35,55 ;1,65;163,75;7,6
101;1;0101676;62;210102;70;10040016; 154,23 ;1,65;710,37;7,6
101;1;0101676;62;210102;80;10040023; 47,03 ;1,65;216,60;7,6
101;1;0101702;62;210102;10;10040013; 37,58 ;1,65;173,09;7,6
101;1;0101702;62;210102;20;10040015; 57,94 ;1,65;266,87;7,6
101;1;0101702;62;210102;30;10040005; 84,48 ;1,65;389,12;7,6
101;1;0101702;62;210102;40;10040003; 7,19 ;1,65;33,13;7,6
101;1;0101702;62;210102;50;10040016; 42,23 ;1,65;194,53;7,6
101;1;0101702;62;210102;60;10040016; 71,18 ;1,65;327,86;7,6
101;1;0101702;62;210102;70;10040016; 83,04 ;1,65;382,51;7,6
101;1;0101726;62;210102;10;10040015; 102,33 ;1,65;471,34;7,6
101;1;0101726;62;210102;20;10040004; 71,20 ;1,65;327,97;7,6
101;1;0101726;62;210102;30;10040016; 71,18 ;1,65;327,86;7,6
101;1;0101726;62;210102;40;10040022; 42,24 ;1,65;194,56;7,6
101;1;0101726;62;210102;50;10040022; 295,68 ;1,65;1.361,92;7,6
101;1;0101794;62;210101;10;10040013; 137,49 ;1,65;633,27;7,6
101;1;0101794;62;210101;20;10040012; 81,28 ;1,65;374,38;7,6
101;1;0101794;62;210101;30;10040022; 62,01 ;1,65;285,61;7,6
101;1;0101794;62;210101;40;10040028; 144,95 ;1,65;667,66;7,6
101;1;0101794;62;210101;50;10040016; 213,54 ;1,65;983,59;7,6
101;1;0101859;62;210102;10;10040013; 40,33 ;1,65;185,76;7,6
101;1;0101859;62;210102;20;10040015; 144,13 ;1,65;663,86;7,6
101;1;0101859;62;210102;30;10040018; 123,67 ;1,65;569,62;7,6
101;1;0101859;62;210102;40;10040023; 47,03 ;1,65;216,60;7,6
101;1;0101859;62;210102;50;10040022; 168,96 ;1,65;778,24;7,6
101;1;0101859;62;210102;60;10040016; 71,18 ;1,65;327,86;7,6
101;1;0101859;62;210102;70;10040001; 71,07 ;1,65;327,37;7,6
101;1;0101865;62;210102;10;10040015; 72,06 ;1,65;331,93;7,6
101;1;0101865;62;210102;20;10040018; 247,34 ;1,65;1.139,24;7,6
101;1;0101865;62;210102;30;10040023; 31,35 ;1,65;144,40;7,6
101;1;0101865;62;210102;40;10040023; 62,70 ;1,65;288,80;7,6
101;1;0101865;62;210102;50;10040022; 16,90 ;1,65;77,82;7,6
101;1;0101865;62;210102;60;10040028; 40,30 ;1,65;185,61;7,6
101;1;0101865;62;210102;70;10180001; 33,86 ;1,65;155,95;7,6
101;1;0101865;62;210102;80;10040016; 142,36 ;1,65;655,73;7,6
101;1;0101865;62;210102;90;10040022; 152,06 ;1,65;700,42;7,6
101;1;0101927;62;210102;10;10040013; 54,99 ;1,65;253,31;7,6
101;1;0101927;62;210102;20;10040013; 45,83 ;1,65;211,09;7,6
101;1;0101927;62;210102;30;10040015; 72,06 ;1,65;331,93;7,6
101;1;0101927;62;210102;40;10040023; 47,03 ;1,65;216,60;7,6
101;1;0101927;62;210102;50;10040022; 115,06 ;1,65;529,98;7,6
101;1;0101927;62;210102;60;10040016; 62,16 ;1,65;286,33;7,6
101;1;0101927;62;210102;70;10040001; 35,54 ;1,65;163,69;7,6
101;1;0351172;77;210102;10;10040027; 248,05 ;1,65;1.142,55;7,6
101;1;0351900;77;210102;10;10040027; 165,37 ;1,65;761,70;7,6
101;1;0607287;131;130201;10;99990029; 328,07 ;1,65;1.511,13;7,6
101;1;9572839;175;125201;10;99990017; 165,23 ;1,65;761,07;7,6
101;2;0104672;113;210102;10;10140024; 9,22 ;1,65;42,45;7,6
101;2;0104779;113;210102;10;10140024; 46,08 ;1,65;212,23;7,6
101;2;0104780;113;210102;10;10140024; 55,29 ;1,65;254,68;7,6
101;2;0104905;113;210101;10;10140024; 55,29 ;1,65;254,68;7,6
101;A;0424026;174;130201;10;99990029; 37,27 ;1,65;171,67;7,6
101;u;0000340;132;130201;10;99990029; 42,37 ;1,65;195,17;7,6
101;U;3046089;136;125201;10;99990002; 14,05 ;1,65;64,72;7,6
